8.200000000000000000e+01
6.672727272727273373e+01
6.145454545454545325e+01
5.727272727272727337e+01
5.109090909090909349e+01
4.454545454545454675e+01
3.963636363636363313e+01
3.509090909090909349e+01
3.400000000000000000e+01
3.272727272727272663e+01
3.181818181818181657e+01
3.090909090909091006e+01
2.963636363636363669e+01
2.763636363636363669e+01
2.672727272727272663e+01
2.618181818181818343e+01
2.454545454545454675e+01
2.290909090909091006e+01
2.090909090909091006e+01
1.963636363636363669e+01
1.727272727272727337e+01
1.418181818181818166e+01
1.290909090909090828e+01
8.909090909090908283e+00
4.545454545454545858e+00
4.000000000000000000e+00
4.000000000000000000e+00
4.000000000000000000e+00
4.000000000000000000e+00
4.000000000000000000e+00
2.181818181818181657e+00
